30
36
81
90
16
31
17
72
17
23
13
36
11
60
47
92
83
89
17
46
19
60
46
86
66
28
92
76
46
84
93
86
89
89
73
78
68
98
76
58
69
51
20
75
4
18
51
30
59
50
47
33
33
96
73
48
97
71
12
66
87
68
52
10
17
22
4
48
42
85
48
84
90
46
13
86
31
17
74
46
37
70
62
86
15
48
70
40
46
8
20
8
31
66
58
17
91
91
42
58
84
4
79
1
38
14
39
78
26
85
46
24
57
35
11
84
52
76
19
35
5.477225575051661
6.0
9.0
9.486832980505138
4.0
5.5677643628300215
4.123105625617661
8.48528137423857
4.123105625617661
4.795831523312719
3.605551275463989
6.0
3.3166247903554
7.745966692414834
6.855654600401044
9.591663046625438
9.1104335791443
9.433981132056603
4.123105625617661
6.782329983125268
4.358898943540674
7.745966692414834
6.782329983125268
9.273618495495704
8.12403840463596
5.291502622129181
9.591663046625438
8.717797887081348
6.782329983125268
9.16515138991168
9.643650760992955
9.273618495495704
9.433981132056603
9.433981132056603
8.54400374531753
8.831760866327848
8.246211251235321
9.899494936611665
8.717797887081348
7.615773105863909
8.306623862918075
7.14142842854285
4.47213595499958
8.660254037844387
2.0
4.242640687119285
7.14142842854285
5.477225575051661
7.681145747868608
7.0710678118654755
6.855654600401044
5.744562646538029
5.744562646538029
9.797958971132712
8.54400374531753
6.928203230275509
9.848857801796104
8.426149773176359
3.4641016151377544
8.12403840463596
9.327379053088816
8.246211251235321
7.211102550927978
3.1622776601683795
4.123105625617661
4.69041575982343
2.0
6.928203230275509
6.48074069840786
9.219544457292887
6.928203230275509
9.16515138991168
9.486832980505138
6.782329983125268
3.605551275463989
9.273618495495704
5.5677643628300215
4.123105625617661
8.602325267042627
6.782329983125268
6.082762530298219
8.366600265340756
7.874007874011811
9.273618495495704
3.872983346207417
6.928203230275509
8.366600265340756
6.324555320336759
6.782329983125268
2.8284271247461903
4.47213595499958
2.8284271247461903
5.5677643628300215
8.12403840463596
7.615773105863909
4.123105625617661
9.539392014169456
9.539392014169456
6.48074069840786
7.615773105863909
9.16515138991168
2.0
8.888194417315589
1.0
6.164414002968976
3.7416573867739413
6.244997998398398
8.831760866327848
5.0990195135927845
9.219544457292887
6.782329983125268
4.898979485566356
7.54983443527075
5.916079783099616
3.3166247903554
9.16515138991168
7.211102550927978
8.717797887081348
4.358898943540674
5.916079783099616
